DoE: 0.000394 seconds


DSE: 351.07875 seconds


model_prediction: 26.057713 seconds


