DoE: 0.000356 seconds


DSE: 88.760531 seconds


model_prediction: 23.153669 seconds


