DoE: 0.000399 seconds


DSE: 867.802422 seconds


model_prediction: 23.774644 seconds


