DoE: 0.000326 seconds


DSE: 779.087405 seconds


model_prediction: 23.089557 seconds


