DoE: 0.000358 seconds


DSE: 698.011869 seconds


model_prediction: 23.019396 seconds


