DoE: 0.000399 seconds


DSE: 855.984307 seconds


model_prediction: 23.923415 seconds


