DoE: 0.000319 seconds


DSE: 83.763128 seconds


model_prediction: 23.033993 seconds


