DoE: 0.000366 seconds


DSE: 93.753796 seconds


model_prediction: 153.084418 seconds


