DoE: 0.000337 seconds


DSE: 356.869075 seconds


model_prediction: 26.133119 seconds


