DoE: 0.0005 seconds


DSE: 747.460035 seconds


model_prediction: 163.092766 seconds


