DoE: 0.000332 seconds


DSE: 81.75701 seconds


model_prediction: 22.869488 seconds


