DoE: 0.000258 seconds


DSE: 21.08738 seconds


model_prediction: 35.21782 seconds


