DoE: 0.00036 seconds


DSE: 754.234426 seconds


model_prediction: 154.601093 seconds


