DoE: 0.000396 seconds


DSE: 771.304372 seconds


model_prediction: 23.532588 seconds


