DoE: 0.000371 seconds


DSE: 779.087074 seconds


model_prediction: 153.868688 seconds


