DoE: 0.00079 seconds


DSE: 105.493873 seconds


model_prediction: 159.516216 seconds


