DoE: 0.000312 seconds


DSE: 703.696831 seconds


model_prediction: 23.059019 seconds


