DoE: 0.000286 seconds


DSE: 601.605914 seconds


model_prediction: 29.170718 seconds


