DoE: 0.000352 seconds


DSE: 389.410158 seconds


model_prediction: 23.604474 seconds


