DoE: 0.000388 seconds


DSE: 107.604604 seconds


model_prediction: 153.734581 seconds


