DoE: 0.000427 seconds


DSE: 760.664943 seconds


model_prediction: 154.152477 seconds


