DoE: 0.000355 seconds


DSE: 392.75107 seconds


model_prediction: 151.670872 seconds


