DoE: 0.000428 seconds


DSE: 847.07616 seconds


model_prediction: 152.472481 seconds


