DoE: 0.000552 seconds


DSE: 93.292327 seconds


model_prediction: 24.169054 seconds


