DoE: 0.000451 seconds


DSE: 100.688477 seconds


model_prediction: 23.886876 seconds


