DoE: 0.000407 seconds


DSE: 86.674195 seconds


model_prediction: 24.447427 seconds


