DoE: 0.000272 seconds


DSE: 22.994594 seconds


model_prediction: 29.925612 seconds


