DoE: 0.000348 seconds


DSE: 94.867096 seconds


model_prediction: 23.880676 seconds


