DoE: 0.000368 seconds


DSE: 364.830318 seconds


model_prediction: 37.55743 seconds


