DoE: 0.000335 seconds


DSE: 45.188159 seconds


model_prediction: 30.473881 seconds


