DoE: 0.000408 seconds


DSE: 433.893453 seconds


model_prediction: 23.67634 seconds


