DoE: 0.000314 seconds


DSE: 12.448159 seconds


model_prediction: 104.337627 seconds


