DoE: 0.000405 seconds


DSE: 753.038688 seconds


model_prediction: 24.295152 seconds


