DoE: 0.000417 seconds


DSE: 46.844012 seconds


model_prediction: 59.805004 seconds


