DoE: 0.00042 seconds


DSE: 748.216405 seconds


model_prediction: 24.022397 seconds


