DoE: 0.000345 seconds


DSE: 94.221408 seconds


model_prediction: 151.649828 seconds


