DoE: 0.001633 seconds


DSE: 105.223781 seconds


model_prediction: 153.67751 seconds


