DoE: 0.000585 seconds


DSE: 96.273176 seconds


model_prediction: 24.219698 seconds


