DoE: 0.000336 seconds


DSE: 57.681193 seconds


model_prediction: 97.764337 seconds


