DoE: 0.000401 seconds


DSE: 224.475547 seconds


model_prediction: 31.239731 seconds


