DoE: 0.000312 seconds


DSE: 387.36116 seconds


model_prediction: 24.192137 seconds


