DoE: 0.000288 seconds


DSE: 52.396409 seconds


model_prediction: 26.002688 seconds


