DoE: 0.000367 seconds


DSE: 92.21258 seconds


model_prediction: 23.70356 seconds


