DoE: 0.000381 seconds


DSE: 732.746813 seconds


model_prediction: 23.447479 seconds


