DoE: 0.000276 seconds


DSE: 202.338497 seconds


model_prediction: 1.3e-05 seconds


