DoE: 0.000445 seconds


DSE: 790.992549 seconds


model_prediction: 23.838307 seconds


