DoE: 0.00031 seconds


DSE: 147.65122 seconds


model_prediction: 35.96477 seconds


