DoE: 0.000294 seconds


DSE: 167.737339 seconds


model_prediction: 31.237195 seconds


