DoE: 0.000329 seconds


DSE: 57.841611 seconds


model_prediction: 25.390562 seconds


