DoE: 0.000316 seconds


DSE: 171.264382 seconds


model_prediction: 26.232708 seconds


