DoE: 0.000461 seconds


DSE: 831.244376 seconds


model_prediction: 156.896908 seconds


