DoE: 0.000411 seconds


DSE: 92.801132 seconds


model_prediction: 154.668031 seconds


