DoE: 0.000317 seconds


DSE: 34.021828 seconds


model_prediction: 34.773345 seconds


