DoE: 0.000284 seconds


DSE: 43.565514 seconds


model_prediction: 34.979764 seconds


