DoE: 0.000393 seconds


DSE: 402.724913 seconds


model_prediction: 151.143308 seconds


