DoE: 0.000358 seconds


DSE: 794.971449 seconds


model_prediction: 23.788787 seconds


