DoE: 0.000459 seconds


DSE: 387.791954 seconds


model_prediction: 23.586056 seconds


