DoE: 0.00038 seconds


DSE: 787.831649 seconds


model_prediction: 23.790068 seconds


