DoE: 0.000377 seconds


DSE: 787.671467 seconds


model_prediction: 153.405672 seconds


