DoE: 0.000393 seconds


DSE: 444.767425 seconds


model_prediction: 156.029322 seconds


