DoE: 0.000386 seconds


DSE: 393.181451 seconds


model_prediction: 151.814654 seconds


