DoE: 0.000314 seconds


DSE: 723.720926 seconds


model_prediction: 23.297322 seconds


