DoE: 0.000828 seconds


DSE: 182.813887 seconds


model_prediction: 33.858729 seconds


