DoE: 0.000436 seconds


DSE: 248.473943 seconds


model_prediction: 23.876487 seconds


