DoE: 0.000297 seconds


DSE: 55.306146 seconds


model_prediction: 30.745512 seconds


