DoE: 0.000346 seconds


DSE: 110.278231 seconds


model_prediction: 39.200642 seconds


