DoE: 0.000224 seconds


DSE: 2884.098793 seconds


model_prediction: 1.7e-05 seconds


