DoE: 0.000508 seconds


DSE: 384.062993 seconds


model_prediction: 23.836574 seconds


