DoE: 0.000292 seconds


DSE: 162.29172 seconds


model_prediction: 34.992069 seconds


