DoE: 0.000316 seconds


DSE: 292.007575 seconds


model_prediction: 23.760171 seconds


