DoE: 0.000366 seconds


DSE: 384.318065 seconds


model_prediction: 23.561314 seconds


