DoE: 0.005698 seconds


DSE: 783.554918 seconds


model_prediction: 155.751337 seconds


