DoE: 0.000461 seconds


DSE: 94.296286 seconds


model_prediction: 152.224547 seconds


