DoE: 0.000757 seconds


DSE: 84.850171 seconds


model_prediction: 24.152316 seconds


