DoE: 0.00042 seconds


DSE: 35.377317 seconds


model_prediction: 158.557812 seconds


