DoE: 0.000465 seconds


DSE: 400.066881 seconds


model_prediction: 152.313823 seconds


