DoE: 0.000333 seconds


DSE: 93.801337 seconds


model_prediction: 23.222186 seconds


