DoE: 0.000369 seconds


DSE: 717.579263 seconds


model_prediction: 23.246453 seconds


