DoE: 0.00078 seconds


DSE: 57.190999 seconds


model_prediction: 154.936725 seconds


