DoE: 0.000448 seconds


DSE: 101.926481 seconds


model_prediction: 157.830518 seconds


