DoE: 0.000303 seconds


DSE: 367.322314 seconds


model_prediction: 23.152868 seconds


