DoE: 0.000335 seconds


DSE: 388.670023 seconds


model_prediction: 24.238757 seconds


