DoE: 0.000323 seconds


DSE: 83.891901 seconds


model_prediction: 23.045105 seconds


