DoE: 0.001466 seconds


DSE: 94.37393 seconds


model_prediction: 24.394604 seconds


