DoE: 0.000378 seconds


DSE: 403.617722 seconds


model_prediction: 23.700759 seconds


