DoE: 0.000213 seconds


DSE: 1031.355848 seconds


model_prediction: 1.7e-05 seconds


