DoE: 0.000337 seconds


DSE: 351.627498 seconds


model_prediction: 23.182291 seconds


