DoE: 0.000342 seconds


DSE: 358.084542 seconds


model_prediction: 23.068784 seconds


