DoE: 0.000295 seconds


DSE: 54.386775 seconds


model_prediction: 36.475668 seconds


