DoE: 0.000399 seconds


DSE: 215.859185 seconds


model_prediction: 24.22192 seconds


