DoE: 0.000428 seconds


DSE: 93.105571 seconds


model_prediction: 23.73054 seconds


