DoE: 0.000372 seconds


DSE: 342.750524 seconds


model_prediction: 23.043963 seconds


