DoE: 0.000444 seconds


DSE: 86.998575 seconds


model_prediction: 23.602475 seconds


