DoE: 0.000305 seconds


DSE: 711.348397 seconds


model_prediction: 23.245171 seconds


