DoE: 0.000349 seconds


DSE: 104.345051 seconds


model_prediction: 23.483516 seconds


