DoE: 0.000229 seconds


DSE: 1692.08675 seconds


model_prediction: 1e-05 seconds


