DoE: 0.000379 seconds


DSE: 35.360903 seconds


model_prediction: 156.663886 seconds


