DoE: 0.000417 seconds


DSE: 170.761887 seconds


model_prediction: 24.581075 seconds


