DoE: 0.000388 seconds


DSE: 440.718261 seconds


model_prediction: 23.637662 seconds


