DoE: 0.000363 seconds


DSE: 93.428041 seconds


model_prediction: 23.38662 seconds


