DoE: 0.000405 seconds


DSE: 420.914746 seconds


model_prediction: 154.616219 seconds


