DoE: 0.000347 seconds


DSE: 12.219415 seconds


model_prediction: 33.203686 seconds


