DoE: 0.00046 seconds


DSE: 423.660264 seconds


model_prediction: 23.858808 seconds


