DoE: 0.0003 seconds


DSE: 389.932548 seconds


model_prediction: 152.388206 seconds


