DoE: 0.000314 seconds


DSE: 180.016673 seconds


model_prediction: 37.888695 seconds


