DoE: 0.002919 seconds


DSE: 92.815565 seconds


model_prediction: 160.254958 seconds


