DoE: 0.00031 seconds


DSE: 83.464523 seconds


model_prediction: 23.063834 seconds


