DoE: 0.000428 seconds


DSE: 99.360834 seconds


model_prediction: 24.472341 seconds


