DoE: 0.000311 seconds


DSE: 12.412614 seconds


model_prediction: 35.668103 seconds


