DoE: 0.000334 seconds


DSE: 707.709508 seconds


model_prediction: 23.138118 seconds


