DoE: 0.000327 seconds


DSE: 24.241246 seconds


model_prediction: 101.330396 seconds


