DoE: 0.00033 seconds


DSE: 764.597989 seconds


model_prediction: 24.204876 seconds


