DoE: 0.000317 seconds


DSE: 675.316329 seconds


model_prediction: 23.173902 seconds


