DoE: 0.000324 seconds


DSE: 146.549648 seconds


model_prediction: 31.21316 seconds


