DoE: 0.000334 seconds


DSE: 95.225596 seconds


model_prediction: 153.227461 seconds


