DoE: 0.000383 seconds


DSE: 111.044667 seconds


model_prediction: 25.93454 seconds


