DoE: 0.000396 seconds


DSE: 394.829913 seconds


model_prediction: 23.728894 seconds


