DoE: 0.000321 seconds


DSE: 191.658397 seconds


model_prediction: 24.614353 seconds


