DoE: 0.000329 seconds


DSE: 770.405695 seconds


model_prediction: 23.866675 seconds


