DoE: 0.000322 seconds


DSE: 51.371435 seconds


model_prediction: 20.577658 seconds


