DoE: 0.00166 seconds


DSE: 92.908255 seconds


model_prediction: 152.195067 seconds


