DoE: 0.000367 seconds


DSE: 149.930089 seconds


model_prediction: 24.742565 seconds


