DoE: 0.000316 seconds


DSE: 344.865263 seconds


model_prediction: 23.307249 seconds


