DoE: 0.000362 seconds


DSE: 403.955901 seconds


model_prediction: 23.679219 seconds


