DoE: 0.00039 seconds


DSE: 95.443449 seconds


model_prediction: 24.111051 seconds


