DoE: 0.000332 seconds


DSE: 429.732915 seconds


model_prediction: 153.948916 seconds


