DoE: 0.000334 seconds


DSE: 375.761525 seconds


model_prediction: 23.365997 seconds


