DoE: 0.000323 seconds


DSE: 104.560827 seconds


model_prediction: 24.391331 seconds


