DoE: 0.000336 seconds


DSE: 349.876124 seconds


model_prediction: 23.226035 seconds


