DoE: 0.000264 seconds


DSE: 170.856778 seconds


model_prediction: 31.415889 seconds


