DoE: 0.00041 seconds


DSE: 741.310105 seconds


model_prediction: 161.987695 seconds


