DoE: 0.000462 seconds


DSE: 345.48246 seconds


model_prediction: 23.218289 seconds


