DoE: 0.000324 seconds


DSE: 409.723639 seconds


model_prediction: 23.840607 seconds


