DoE: 0.000483 seconds


DSE: 80.055269 seconds


model_prediction: 23.672157 seconds


