DoE: 0.000336 seconds


DSE: 779.10524 seconds


model_prediction: 23.381817 seconds


