DoE: 0.000393 seconds


DSE: 385.881559 seconds


model_prediction: 23.920375 seconds


