DoE: 0.000334 seconds


DSE: 396.245588 seconds


model_prediction: 150.205709 seconds


