DoE: 0.000405 seconds


DSE: 387.875049 seconds


model_prediction: 162.108294 seconds


