DoE: 0.000431 seconds


DSE: 359.872341 seconds


model_prediction: 23.293769 seconds


