DoE: 0.000382 seconds


DSE: 32.795111 seconds


model_prediction: 103.848714 seconds


