DoE: 0.000461 seconds


DSE: 853.92119 seconds


model_prediction: 23.958834 seconds


