DoE: 0.000315 seconds


DSE: 711.618387 seconds


model_prediction: 37.582732 seconds


