DoE: 0.000375 seconds


DSE: 106.237648 seconds


model_prediction: 23.797089 seconds


