DoE: 0.000416 seconds


DSE: 90.890837 seconds


model_prediction: 23.212697 seconds


