DoE: 0.000397 seconds


DSE: 403.632378 seconds


model_prediction: 23.969627 seconds


