DoE: 0.00035 seconds


DSE: 686.567751 seconds


model_prediction: 23.395161 seconds


