DoE: 0.000388 seconds


DSE: 85.046532 seconds


model_prediction: 156.523653 seconds


