DoE: 0.000281 seconds


DSE: 225.597714 seconds


model_prediction: 23.407945 seconds


