DoE: 0.000286 seconds


DSE: 45.878896 seconds


model_prediction: 34.418833 seconds


