DoE: 0.000265 seconds


DSE: 225.592273 seconds


model_prediction: 23.251531 seconds


