DoE: 0.001418 seconds


DSE: 479.620935 seconds


model_prediction: 23.839986 seconds


