DoE: 0.000293 seconds


DSE: 94.698496 seconds


model_prediction: 26.956801 seconds


