DoE: 0.000374 seconds


DSE: 370.586155 seconds


model_prediction: 23.146963 seconds


