DoE: 0.000308 seconds


DSE: 375.169351 seconds


model_prediction: 151.768426 seconds


