DoE: 0.001431 seconds


DSE: 1375.789442 seconds


model_prediction: 23.851373 seconds


