DoE: 0.000649 seconds


DSE: 94.699158 seconds


model_prediction: 151.128973 seconds


