DoE: 0.000284 seconds


DSE: 135.993135 seconds


model_prediction: 30.851908 seconds


