DoE: 0.000343 seconds


DSE: 761.635312 seconds


model_prediction: 23.693558 seconds


