DoE: 0.000435 seconds


DSE: 375.144857 seconds


model_prediction: 23.655284 seconds


