DoE: 0.000824 seconds


DSE: 209.713306 seconds


model_prediction: 23.77065 seconds


