DoE: 0.000435 seconds


DSE: 759.415967 seconds


model_prediction: 153.975598 seconds


