DoE: 0.000354 seconds


DSE: 376.546087 seconds


model_prediction: 150.781958 seconds


