DoE: 0.000383 seconds


DSE: 766.041697 seconds


model_prediction: 23.711866 seconds


