DoE: 0.000312 seconds


DSE: 218.952846 seconds


model_prediction: 23.878233 seconds


