DoE: 0.00033 seconds


DSE: 679.652056 seconds


model_prediction: 23.178928 seconds


