DoE: 0.00152 seconds


DSE: 20.865455 seconds


model_prediction: 36.475816 seconds


