DoE: 0.000506 seconds


DSE: 88.126524 seconds


model_prediction: 23.417775 seconds


