DoE: 0.001767 seconds


DSE: 845.378921 seconds


model_prediction: 165.485573 seconds


