DoE: 0.000393 seconds


DSE: 758.691827 seconds


model_prediction: 23.804616 seconds


