DoE: 0.000342 seconds


DSE: 111.367421 seconds


model_prediction: 30.260454 seconds


